[36,25,58,36,88,65,96,85,54,8,47,3,13,42,96,16,45,63,7,46,97,50,11,79,34,18,
 45,78,23,53,92,73,85,96,97,4,78,79,14,28,69,69,49,30,51,14,92,3,57,44,56,54,
 48,39,59,80,56,54,46,96,89,88,49,58,14,22,13,82,20,23,17,70,62,3,6,71,91,20,
 24,85,1,5,83,72,56,4,68,71,25,63,3,91,90,10,96,84,76,77,65,32,4,84,42,64,28,
 9,92,74,63,83,42,49,49,47,46,21,23,42,97,58,22,46,42,13,34,9,18,95,80,85,95,
 5,41,29,78,89,7,88,22,85,14,50,29,42,29,98,7,27,48,18,62,74,76,89,85,71,82,
 27,21,29,32,3,22,65,1,36,6,59,61,12,49,97,5,19,71,52,16,59,96,96,30,48,35,67,
 25,55,43,28,17,41,75,31,21,97,59,61,73,95,5,4,21,5,26,73,12,2,44,10,58,92,93,
 3,89,74,24,12,75,49,31,4,4,62,18,56,40,34,14,39,68,17,18,54,84,85,50,37,21,
 85,44,7,100,13,9,19,9,96,14,24,42,43,36,64,52,43,57,30,18,48,26,28,94,67,81,
 96,28,84,43,92,79,8,81,53,70,14,60,95,31,96,27,96,56,73,91,39,100,72,71,30,
 24,60,16,11,1,32,73,87,50,39,21,70]